
strategic_region={
	id=12
	name="STRATEGICREGION_12"
	provinces={
		1 2 3 4 5 6 7 8 12 13 14 15 16 17 18 36 37 38 39 40 41 42 43 44 45 46 47 54 55 56 57 58 59 60 61 62 63 64 65 66 67 68 69 70 71 72 73 74 75 76 77 78 79 80 81 107 108 109 110 111 112 113 114 115 116 117 118 119 120 122 123 124 125 126 127 128 129 130 131 132 133 134 135 136 137 138 139 140 141 142 143 144 145 146 147 148 149 161 162 163 164 165 166 167 168 169 173 174 175 176 177 178 179 180 181 182 189 190 192 193 194 195 196 197 198 199 203 204 205 206 207 208 209 210 211 212 213 216 217 218 219 220 221 222 223 224 225 226 296 297 298 299 
	}
	naval_terrain=water_deep_ocean
	weather={
	}
}
