
strategic_region={
	id=3
	name="STRATEGICREGION_3"
	provinces={
		9 10 19 20 21 22 23 24 25 26 27 28 29 30 31 32 33 34 35 50 51 52 53 82 83 84 85 86 87 88 89 90 91 93 94 95 96 152 153 154 156 157 158 159 160 183 184 185 186 187 188 191 215 227 231 232 233 234 235 236 240 243 244 245 246 247 248 249 250 251 252 253 254 255 256 257 258 259 260 261 262 263 264 265 266 267 268 269 270 271 272 273 274 275 276 277 278 279 280 282 283 284 285 286 287 288 289 290 291 292 293 294 295 300 301 302 303 304 305 306 
	}
	weather={
	}
}
