
state={
	id=18
	name="STATE_18"

	history = {
		owner = SOL
	}

	provinces={
		415 416 417 418 419 420 421 422 423 424 458 467 468 469 470 475 476 477 478 479 778 779 1435 1436 1440 1442 1444 1445 1448 1449 1450 1451 1452 1453 1456 1457 1458 1460 1461 1462 1463 1464 1465 1466 1467 1468 1472 1474 1475 1476 1477 1478 1479 1480 1481 1484 1486 1488 1489 1490 1491 1493 1494 1496 1498 1499 1501 1502 1503 1505 1507 1508 1510 1511 1513 1516 1517 1519 1522 
	}
	manpower=2000
	buildings_max_level_factor=1.000
	state_category=rural
}
