
state={
	id=3
	name="STATE_3"

	history={
		owner = STA

	}

	provinces={
		533 534 535 536 537 538 539 540 541 542 543 544 546 547 548 549 550 551 552 553 554 555 556 557 558 559 560 561 562 563 564 565 566 567 572 573 574 575 576 577 578 579 580 581 582 583 584 585 586 587 588 589 590 591 592 593 594 595 596 597 598 599 600 601 602 603 604 605 620 637 638 639 640 641 642 643 644 645 646 647 649 651 652 653 654 656 657 658 659 717 718 719 722 723 724 725 726 727 728 729 730 731 732 733 734 735 736 737 738 739 740 741 742 743 744 745 746 747 748 755 756 757 758 759 760 761 762 763 764 765 766 767 768 769 770 771 772 773 774 775 781 782 783 784 785 786 787 788 793 796 797 801 2294 
	}
	manpower=100
	buildings_max_level_factor=1.000
	state_category=rural
}
