state={
	id=36
	name="STATE_36"
	provinces={
		491 492 493 494 495 496 497 498 499 964 990 992 995 997 999 1001 1004 1007 1008 1012 1015 1018 1019 1021 1022 1024 1027 1028 1031 1034 1035 1037 1039 1043 1046 1048 1049 1050 1051 1052 1054 1059 1060 1061 1062 1063 1064 1067 1069 1071 1074 1075 1078 1080 1081 1084 1085 1088 1090 1091 1092 1093 1096 1100 1101 1102 1106 1107 1108 1110 1115 1116 1118 1119 1122 1123 1126 1127 1128 1130 1133 1134 1135 1138 1139 1140 1142 1143 1147 1148 1149 1152 1153 1154 1156 1158 1161 1162 1163 1166 1168 1169 1171 1177 1178 1179 1182 1183 1188 1192 1196 1199 1202 1209
	}
	state_category = rural
	manpower=500
	buildings_max_level_factor=1.000
}
