
state={
	id=39
	name="STATE_39"
	provinces={
		1077 1083 1089 1098 1099 1109 1111 1113 1124 1125 1132 1176 1184 1187 1198 1204 1219 1223 1234 1235 1237 1245 1246 1254 1566 1569 1588 1599 1617 1618 1622 1626 1629 1630 1633 1634 1635 1636 1637 1638 1639 1640 1641 1642 1643 1644 1645 1646 1647 1648 1649 1650 1651 1652 1653 1654 1655 1656 1657 1658 1659 1660 1661 1662 1663 1664 1665 1666 1667 1668 1669 1670 1671 1672 1673 1674 1675 1676 1677 1678 1679 1680 1681 1682 1683 1684 1685 1686 1687 1688 1689 1690 1691 1692 1693 1694 1695 1698 1699 1700 1701 1703 1705 1885 1890 1894 1900 1904 1907 1910 1915 1918 1923 1926 1929 1932 1935 
	}

	history = {
		owner = SAN
	}

	state_category = rural
	manpower=500
	buildings_max_level_factor=1.000
}
