
state={
	id=43
	name="STATE_43"

	provinces={
		928 929 930 931 933 934 939 947 950 954 961 962 965 968 977 979 981 986 994 996 1000 1006 1011 1014 1025 1026 1033 1040 1041 1045 1055 1056 1058 1068 1070 1528 1529 1530 1531 1532 1533 1534 1535 1536 1537 1538 1539 1540 1541 1542 1543 1544 1545 1546 1547 1548 1549 1550 1551 1552 1553 1554 1555 1556 1557 1558 1559 1560 1561 1562 1563 1564 1565 1567 1568 1570 1571 1572 1573 1574 1575 1576 1577 1578 1579 1580 1581 1582 1583 1584 1585 1586 1587 1589 1590 1591 1592 1593 1594 1595 1596 1597 1598 1600 1601 1602 1603 1604 1605 1606 1607 1608 1609 1610 1611 1612 1613 1614 1615 1616 1619 1620 1621 1623 1624 1625 1627 1631 1632 1794 1804 1813 1827 1835 1843 1852 1860 1867 2302 2303 2304 2296 
	}
	manpower=500
	buildings_max_level_factor=1.000
	state_category=rural
}
